,Price
23869,490042.92172011227
23873,681949.7645276397
23908,546113.7982875962
23923,957805.1917907768
23929,911067.8524463908
23940,675629.0846077242
23968,491834.9465278168
23972,681872.246557735
24007,545626.3443757966
24022,958342.6665723424
24028,910115.2351817688
24039,673807.7631465441
24067,494175.71708167065
24071,681354.0046069043
24106,545203.4305300458
24121,956368.5099261954
24127,908763.7456530835
24138,671744.4009100338
24166,494252.5308814578
24170,679354.385036429
24205,543547.4724279674
24220,949696.440734028
24226,902494.7197818778
24237,666068.6473943427
24265,491769.374504219
24269,673900.4098730197
24304,539595.0994889074
24319,937470.150167888
24325,892528.928202316
24336,656688.8563287907
24364,491667.4608732591
24368,672410.6310327674
24403,539261.8670262063
24418,932399.0291275284
24424,891300.2341299522
24435,653471.6705315579
24463,496137.26098530646
24467,676999.580891665
24502,544776.2659205062
24517,938067.1979712184
24523,902522.0916100064
24534,660770.0962834024
24562,505734.5204106406
24566,689246.522878537
24601,557547.2596190341
24616,957220.1651410302
24622,926686.8567828625
24633,677885.517238641
24661,516092.982005554
24665,703551.5770823903
24700,571340.4068734235
24715,979284.333225288
24721,952738.784785912
24732,696439.9890010244
24760,526561.7406660239
24764,718809.0002450361
24799,584178.0172676559
24814,1002686.9115064176
24820,978741.1527951208
24831,712348.0231913625
24859,535665.0043967677
24863,731549.6286282198
24898,594954.8756830044
24913,1021413.2670781328
24919,1001386.3768622782
24930,726095.070019953
24958,539307.2406594157
24962,735856.0612575384
24997,598829.0535332757
25012,1027170.507294553
25018,1010956.8622931546
25029,730087.9485844456
25057,540904.9789958294
25061,733904.5451450632
25096,600197.0992807333
25111,1024052.2130501864
25117,1013448.5859222256
25128,730666.3031499839
25156,540593.4455748033
25160,728677.6368831769
25195,599202.9251543615
25210,1016871.0729590036
25216,1010972.4660180738
25227,727715.3604465347
25255,544167.5151851578
25259,728877.8785253343
25294,603026.4761927678
25309,1019538.724902628
25315,1018326.5578618344
25326,731558.2537029033
25354,549022.5926329335
25358,732232.6420992827
25393,609677.9599632064
25408,1029327.0138055194
25414,1032630.8003359392
25425,739155.309392027
25453,555519.3245449702
25457,736236.4491751917
25492,617688.2224616184
25507,1041083.4486395743
25513,1050832.398091906
25524,748194.5093275118
25552,563388.8455484876
25556,740027.0900983325
25591,627025.4440932964
25606,1056703.0601898031
25612,1070890.8583779505
25623,759145.8216148178
25651,569168.0111288911
25655,743489.5469765491
25690,634251.6199966262
25705,1072522.0522820384
25711,1086174.6550724898
25722,768260.4488703761
25750,573878.1347241701
25754,746209.249139973
25789,639609.4666753825
25804,1090479.3312237312
25810,1097853.985981916
25821,776098.0542497331
25849,577958.9888808677
25853,749776.3566324747
25888,643705.043425384
25903,1105942.2921288356
25909,1107276.841823954
25920,782514.9126910066
25948,582917.6183763117
25952,755390.7936593367
25987,647586.2626977921
26002,1121171.686699053
26008,1118200.463305109
26019,788518.579681228
26047,587919.7958720349
26051,763362.722547439
26086,651492.6571034656
26101,1135161.27836456
26107,1129404.9583541008
26118,794918.9202801163
26146,592848.323303515
26150,770810.6056822529
26185,657325.4503808354
26200,1142487.8443306626
26206,1142510.336308139
26217,802209.8869516826
26245,598601.8004372363
26249,776599.0639136946
26284,665138.8024980804
26299,1144036.6913234915
26305,1156680.457017715
26316,811121.841586078
26344,605093.4922599284
26348,782050.3293163333
26383,674315.5810580193
26398,1143523.8020890662
26404,1173767.4397760422
26415,820871.0282777789
26443,609767.1097500357
26447,786390.7191097705
26482,679743.8341297883
26497,1143585.7883116505
26503,1187172.000361103
26514,827737.210835409
26542,613782.3284157509
26546,790905.4291310268
26581,684078.1609568521
26596,1147091.7818852328
26602,1200587.4919445177
26613,833207.9404680118
26641,616270.0882837143
26645,794079.4990564464
26680,686582.198828763
26695,1150194.6000076334
26701,1210030.3218139997
26712,836587.2141650388
26740,620937.6999449442
26744,798389.2369874408
26779,691568.9816565095
26794,1156633.971239738
26800,1218559.0133951746
26811,841407.250647009
26839,624958.8364233947
26843,800246.0956718767
26878,693757.1708162432
26893,1158263.9021021149
26899,1217559.581121513
26910,843431.097628451
26938,628875.2580841389
26942,801600.3628000986
26977,695822.8809455811
26992,1157278.7603669872
26998,1211519.4397836148
27009,844294.7160980516
27037,629815.2770077105
27041,801110.0151949398
27076,695320.3521623202
27091,1152711.560794767
27097,1203413.4459265016
27108,842906.3559360296
27136,630402.9503153701
27140,802798.600319577
27175,696340.6618477412
27190,1151813.4013397095
27196,1200633.317281381
27207,844050.6173827425
27235,629988.979237576
27239,804224.817799233
27274,697747.7478160297
27289,1151819.392974956
27295,1201548.0462021688
27306,845899.1828689328
27334,624429.19294235
27338,799930.7658262165
27373,693536.0034166444
27388,1145121.230711782
27394,1191653.160350544
27405,839656.1881903767
27433,614676.6134623416
27437,788898.0606010292
27472,684930.6572544887
27487,1128625.9201097533
27493,1174195.5081113272
27504,826409.5972265998
27532,604899.1526331566
27536,778205.4921081347
27571,675230.9569737207
27586,1107321.170364933
27592,1152494.794546106
27603,810830.9382383694
27631,601075.4110821643
27635,771870.1985254647
27670,670700.5896022717
27685,1091549.594884917
27691,1141640.8312517398
27702,802817.9697596767
27730,602438.0760523657
27734,770354.7721558918
27769,670897.2123060073
27784,1085053.7003953978
27790,1139738.13951316
27801,800850.1381607712
27829,607281.5938460402
27833,770064.9141135296
27868,674977.493183847
27883,1086846.143626638
27889,1146390.7074042046
27900,804298.207294013
27928,615653.6268264448
27932,773788.214722548
27967,683768.8255576602
27982,1095164.0753076626
27988,1161426.022833329
27999,815367.6064885986
28027,626501.743646985
28031,780782.8060714252
28066,695385.2584626749
28081,1107606.8642654738
28087,1183001.189894654
28098,832897.4924371899
28126,636377.1950021527
28130,788423.0976144461
28165,705006.1808735887
28180,1120211.1295373542
28186,1205748.5441189224
28197,851187.1295555712
28225,644664.7397273721
28229,793865.9107662722
28264,712896.7891530056
28279,1130765.1901169764
28285,1224605.8866725734
28296,865306.9677260414
28324,651507.8266154955
28328,796717.5808348786
28363,719346.0758158384
28378,1136611.2277759602
28384,1237165.0469406685
28395,876059.9258609585
28423,656840.3427547654
28427,796402.0972081558
28462,725713.6626783106
28477,1139337.1114975875
28483,1245521.1529913736
28494,883956.8765497245
28522,655597.4001117473
28526,790321.2875078412
28561,724709.9952819849
28576,1133748.2665324323
28582,1241221.6131026351
28593,882238.7831612318
28621,648966.9083720901
28625,779094.5272325006
28660,717931.7311084577
28675,1123495.612693931
28681,1228645.354050968
28692,871329.3566681357
28720,642101.5436380813
28724,768893.6409164293
28759,710281.1366315777
28774,1112556.4435382215
28780,1214949.927482864
28791,859328.49077506
28819,639581.2531103005
28823,762682.8758121625
28858,707190.2546865437
28873,1106488.6364772182
28879,1209230.2971701403
28890,855013.4095048505
28918,639471.6330446237
28922,760856.1990934456
28957,707666.3400311343
28972,1103854.2706329443
28978,1206894.0351038708
28989,856336.1233346587
29017,638479.550963312
29021,757719.5445988933
29056,708396.2545636626
29071,1100314.3107534235
29077,1203337.3322115724
29088,858875.8225558273
29116,639504.4058213858
29120,757263.9070966843
29155,710770.4173616
29170,1099242.3326423091
29176,1204662.080514606
29187,864618.4142289221
29215,644399.122244857
29219,759942.0460710222
29254,715412.347793212
29269,1101825.0492796116
29275,1212859.688180264
29286,874103.554760072
29314,652127.1785461152
29318,766125.4875208758
29353,721718.4773640763
29368,1107585.4343595048
29374,1225466.917688138
29385,884379.6170384573
29413,658796.4746833862
29417,771331.9372185534
29452,727058.7344688786
29467,1111285.6077707189
29473,1235297.6218841646
29484,890543.6953591476
29512,663768.9608185518
29516,772736.7677002874
29551,731328.7633218168
29566,1112804.5963877405
29572,1242916.2295966188
29583,894751.367519109
29611,667804.490475585
29615,771837.9986138229
29650,734271.1810853876
29665,1114051.1821296774
29671,1247953.9183187736
29682,897654.0560008857
29710,667230.2329511718
29714,765044.3448398615
29749,733176.6461173608
29764,1110002.2658524727
29770,1245371.9691000783
29781,895416.2326662125
29809,662385.322569087
29813,755434.1519401051
29848,727926.6976541855
29863,1101588.096473555
29869,1235743.4004190788
29880,887435.0448445246
29908,653405.2895884799
29912,741817.4252206144
29947,719014.9593532858
29962,1088125.1126146116
29968,1221606.374850073
29979,874631.307265771
